MD	INCL	AZI	VD	NS	EW	VS	DS	e	n	TVD_MSL
0	0	0	0	0	0	0	0	337438	432752	-22
10	0	244	10	-0	-0	0	0	337438	432752	-12
20	0	85	20	-0	-0	0	0	337438	432752	-2
30	0	54	30	-0	-0	-0	0	337438	432752	8
40	0	54	40	0	0	-0	0	337438	432752	18
50	0	50	50	0	0	-0	0	337438	432752	28
60	0	57	60	0	0	-0	0	337438	432752	38
70	0	55	70	0	0	-0	0	337438	432752	48
80	0	45	80	0	0	-0	0	337438	432752	58
90	0	30	90	0	0	-0	0	337438	432752	68
100	0	25	100	0	0	-0	0	337438	432752	78
110	0	21	110	0	0	-0	0	337438	432752	88
120	0	9	120	0	0	-0	0	337438	432752	98
130	0	352	130	0	0	-0	0	337438	432753	108
140	0	345	140	0	0	-0	0	337438	432753	118
150	0	340	150	0	0	0	0	337438	432753	128
160	0	332	160	1	0	0	0	337438	432753	138
170	0	318	170	1	0	0	0	337438	432753	148
180	0	318	180	1	0	0	0	337438	432753	158
190	0	323	190	1	0	0	0	337438	432753	168
200	0	327	200	1	0	0	0	337438	432753	178
210	1	329	210	1	-0	0	0	337438	432753	188
220	1	331	220	1	-0	0	0	337438	432753	198
230	1	335	230	1	-0	1	0	337438	432753	208
240	1	343	240	1	-0	1	0	337438	432753	218
250	1	349	250	1	-0	1	0	337438	432753	228
260	1	351	260	1	-0	1	0	337438	432753	238
270	1	350	270	1	-0	1	0	337438	432754	248
280	1	331	280	1	-0	1	0	337438	432754	258
290	1	303	290	2	-0	1	0	337437	432754	268
300	1	291	300	2	-1	1	0	337437	432754	278
310	2	286	310	2	-1	1	0	337437	432754	288
320	2	280	320	2	-1	2	1	337437	432754	298
330	3	273	330	2	-2	2	1	337436	432754	308
340	4	271	340	2	-2	3	1	337436	432754	318
350	4	270	350	2	-3	3	1	337435	432754	328
360	5	269	360	2	-4	4	1	337434	432754	338
370	6	268	370	2	-5	5	1	337433	432754	348
380	6	266	380	2	-6	6	1	337432	432754	358
390	7	265	390	2	-7	7	1	337431	432754	368
400	8	264	400	2	-8	8	1	337430	432754	378
410	8	264	410	1	-9	9	0	337428	432754	388
420	9	264	419	1	-11	10	1	337427	432753	398
430	9	264	429	1	-12	12	1	337425	432753	408
440	10	264	439	1	-14	13	1	337424	432753	418
450	11	264	449	1	-16	15	1	337422	432753	427
460	12	264	459	0	-18	16	1	337420	432753	437
470	12	264	469	0	-20	18	1	337418	432752	447
480	13	263	478	0	-22	20	1	337416	432752	457
490	14	262	488	-0	-24	22	1	337413	432752	466
500	15	262	498	-1	-27	24	1	337411	432752	476
510	15	262	507	-1	-29	26	1	337408	432751	486
520	16	263	517	-1	-32	28	1	337406	432751	495
530	16	263	527	-2	-35	30	1	337403	432751	505
540	17	263	536	-2	-38	33	0	337400	432750	515
550	17	263	546	-2	-41	35	0	337397	432750	524
560	17	263	555	-3	-43	38	0	337394	432749	534
570	17	263	565	-3	-46	40	0	337391	432749	543
580	17	263	575	-3	-49	43	0	337388	432749	553
590	17	264	584	-4	-52	45	0	337386	432748	562
600	17	264	594	-4	-55	48	0	337383	432748	572
610	18	264	603	-4	-58	50	0	337380	432748	582
620	18	264	613	-5	-61	53	0	337377	432747	591
630	18	264	622	-5	-64	55	0	337373	432747	601
640	18	264	632	-5	-67	58	0	337370	432747	610
650	18	264	641	-6	-70	60	0	337367	432746	620
660	18	265	651	-6	-74	63	0	337364	432746	629
670	18	265	660	-6	-77	66	0	337361	432746	639
680	19	265	670	-7	-80	68	0	337358	432746	648
690	19	265	679	-7	-83	71	0	337355	432745	658
700	19	265	689	-7	-86	74	0	337352	432745	667
710	19	265	698	-7	-89	77	0	337348	432745	676
720	19	265	708	-8	-93	79	0	337345	432744	686
730	19	265	717	-8	-96	82	0	337342	432744	695
740	19	265	726	-8	-99	85	0	337339	432744	705
750	19	265	736	-9	-102	88	0	337335	432744	714
760	19	265	745	-9	-106	91	0	337332	432743	724
770	19	265	755	-9	-109	93	0	337329	432743	733
780	20	265	764	-9	-112	96	0	337325	432743	743
790	20	265	774	-10	-116	99	0	337322	432743	752
800	20	266	783	-10	-119	102	0	337319	432742	761
810	20	266	792	-10	-122	105	0	337315	432742	771
820	20	266	802	-10	-126	108	0	337312	432742	780
830	20	266	811	-11	-129	111	0	337308	432742	790
840	20	267	821	-11	-133	114	0	337305	432741	799
850	20	267	830	-11	-136	117	0	337302	432741	808
860	20	267	839	-11	-140	120	0	337298	432741	818
870	20	267	849	-11	-143	123	0	337295	432741	827
880	21	267	858	-11	-147	126	0	337291	432741	837
890	21	267	867	-12	-150	129	0	337288	432741	846
900	21	267	877	-12	-154	132	0	337284	432740	855
910	21	267	886	-12	-157	135	0	337281	432740	865
920	21	267	896	-12	-161	138	0	337277	432740	874
930	21	267	905	-12	-164	141	0	337273	432740	883
940	21	268	914	-12	-168	145	0	337270	432740	893
950	21	268	924	-13	-172	148	0	337266	432740	902
960	21	268	933	-13	-175	151	0	337263	432739	911
970	22	268	942	-13	-179	154	0	337259	432739	921
980	22	268	951	-13	-183	157	0	337255	432739	930
990	22	268	961	-13	-186	161	0	337252	432739	939
1000	22	268	970	-13	-190	164	0	337248	432739	948
1010	22	269	979	-13	-194	167	0	337244	432739	958
1020	22	269	989	-13	-197	170	0	337240	432739	967
1030	22	269	998	-13	-201	174	0	337237	432739	976
1040	22	269	1007	-14	-205	177	0	337233	432739	986
1050	22	269	1016	-14	-208	180	0	337229	432739	995
1060	22	269	1026	-14	-212	184	0	337226	432738	1004
1070	22	269	1035	-14	-216	187	0	337222	432738	1013
1080	22	269	1044	-14	-219	190	0	337218	432738	1023
1090	22	269	1054	-14	-223	193	0	337215	432738	1032
1100	22	269	1063	-14	-227	197	0	337211	432738	1041
1110	22	269	1072	-14	-231	200	0	337207	432738	1051
1120	21	269	1082	-14	-234	203	0	337204	432738	1060
1130	21	270	1091	-14	-238	206	0	337200	432738	1069
1140	21	270	1100	-14	-241	210	0	337196	432738	1079
1150	21	270	1109	-14	-245	213	0	337193	432738	1088
1160	21	270	1119	-14	-249	216	0	337189	432738	1097
1170	21	271	1128	-14	-252	219	0	337185	432738	1107
1180	21	271	1138	-14	-256	223	0	337182	432738	1116
1190	21	271	1147	-14	-259	226	0	337178	432738	1125
1200	20	271	1156	-14	-263	229	0	337175	432738	1135
1210	20	272	1166	-14	-266	232	0	337171	432738	1144
1220	20	272	1175	-14	-270	235	0	337168	432738	1153
1230	19	272	1184	-14	-273	238	0	337165	432739	1163
1240	19	273	1194	-13	-276	241	0	337162	432739	1172
1250	18	273	1203	-13	-279	244	1	337158	432739	1182
1260	18	273	1213	-13	-283	247	1	337155	432739	1191
1270	17	274	1222	-13	-286	250	1	337152	432739	1201
1280	16	274	1232	-13	-288	252	1	337149	432739	1210
1290	16	274	1242	-13	-291	255	1	337147	432740	1220
1300	16	273	1251	-12	-294	257	0	337144	432740	1230
1310	16	273	1261	-12	-297	260	0	337141	432740	1239
1320	16	273	1271	-12	-299	262	0	337138	432740	1249
1330	16	273	1280	-12	-302	265	0	337136	432740	1259
1340	16	273	1290	-12	-305	267	0	337133	432740	1268
1350	16	272	1299	-12	-307	270	1	337130	432740	1278
1360	16	271	1309	-12	-310	272	0	337128	432741	1287
1370	16	271	1319	-12	-313	275	0	337125	432741	1297
1380	16	270	1328	-12	-316	277	0	337122	432741	1307
1390	16	269	1338	-12	-319	280	0	337119	432741	1316
1400	16	269	1347	-12	-321	282	0	337117	432741	1326
1410	16	268	1357	-12	-324	284	0	337114	432740	1335
1420	16	268	1367	-12	-327	287	0	337111	432740	1345
1430	16	268	1376	-12	-329	289	1	337108	432740	1355
1440	18	269	1386	-12	-332	292	1	337105	432740	1364
1450	19	270	1395	-12	-336	295	1	337102	432740	1374
1460	20	270	1405	-12	-339	298	1	337099	432740	1383
1470	20	271	1414	-12	-342	301	0	337096	432740	1393
1480	20	270	1424	-12	-346	304	0	337092	432740	1402
1490	20	270	1433	-12	-349	307	0	337089	432740	1411
1500	20	270	1442	-12	-352	310	0	337085	432740	1421
1510	20	271	1452	-12	-356	313	0	337082	432740	1430
1520	20	270	1461	-12	-359	316	0	337078	432740	1440
1530	20	270	1471	-12	-363	319	0	337075	432740	1449
1540	20	270	1480	-12	-366	322	0	337072	432740	1458
1550	21	270	1489	-12	-370	325	0	337068	432740	1468
1560	21	270	1499	-12	-373	328	0	337064	432740	1477
1570	21	270	1508	-12	-377	332	0	337061	432740	1486
1580	21	270	1517	-12	-380	335	0	337057	432740	1496
1590	21	270	1527	-12	-384	338	0	337054	432740	1505
1600	21	269	1536	-12	-388	341	0	337050	432740	1514
1610	21	270	1545	-12	-391	344	0	337047	432740	1524
1620	21	269	1555	-12	-395	348	0	337043	432740	1533
1630	21	269	1564	-12	-398	351	0	337039	432740	1542
1640	21	270	1573	-12	-402	354	0	337036	432740	1552
1650	21	271	1583	-12	-406	357	0	337032	432740	1561
1660	22	271	1592	-12	-409	361	0	337029	432740	1570
1670	22	271	1601	-12	-413	364	0	337025	432740	1580
1680	22	272	1611	-12	-417	367	0	337021	432740	1589
1690	22	272	1620	-12	-420	371	0	337017	432740	1598
1700	21	272	1629	-12	-424	374	0	337014	432741	1608
1710	21	272	1638	-11	-428	377	0	337010	432741	1617
1720	21	273	1648	-11	-431	380	0	337007	432741	1626
1730	21	273	1657	-11	-435	384	0	337003	432741	1636
1740	21	274	1667	-11	-438	387	0	337000	432741	1645
1750	21	275	1676	-11	-442	390	0	336996	432742	1654
1760	21	276	1685	-10	-445	394	0	336992	432742	1664
1770	22	277	1694	-10	-449	397	1	336989	432742	1673
1780	22	277	1704	-9	-453	401	0	336985	432743	1682
1790	23	278	1713	-9	-457	404	0	336981	432743	1691
1800	23	278	1722	-8	-460	408	0	336977	432744	1701
1810	23	276	1731	-8	-464	412	1	336974	432744	1710
1820	23	273	1741	-8	-468	415	1	336970	432744	1719
1830	23	273	1750	-8	-472	419	0	336966	432745	1728
1840	23	273	1759	-7	-476	422	0	336962	432745	1737
1850	23	274	1768	-7	-480	426	0	336958	432745	1747
1860	22	274	1777	-7	-484	429	0	336954	432745	1756
1870	21	273	1787	-7	-487	433	1	336950	432746	1765
1880	21	272	1796	-6	-491	436	0	336947	432746	1775
1890	21	272	1805	-6	-495	439	0	336943	432746	1784
1900	21	272	1815	-6	-498	443	0	336940	432746	1793
1910	20	272	1824	-6	-502	446	1	336936	432746	1803
1920	20	272	1834	-6	-505	449	0	336933	432746	1812
1930	20	271	1843	-6	-508	452	0	336929	432746	1821
1940	20	272	1852	-6	-512	455	0	336926	432746	1831
1950	20	272	1862	-6	-515	458	0	336922	432746	1840
1960	20	272	1871	-6	-519	461	0	336919	432747	1850
1970	20	272	1881	-5	-522	464	0	336916	432747	1859
1980	19	271	1890	-5	-525	467	1	336912	432747	1868
1990	18	272	1899	-5	-529	470	1	336909	432747	1878
2000	18	273	1909	-5	-532	473	0	336906	432747	1887
2010	18	275	1918	-5	-535	476	1	336903	432747	1897
2020	18	277	1928	-5	-538	479	1	336900	432748	1906
2030	17	277	1938	-4	-541	482	1	336897	432748	1916
2040	17	277	1947	-4	-544	484	0	336894	432748	1926
2050	16	275	1957	-4	-546	487	1	336891	432749	1935
2060	16	273	1966	-3	-549	490	1	336889	432749	1945
2070	19	267	1976	-3	-552	492	4	336886	432749	1954
2080	22	262	1985	-4	-556	495	4	336882	432748	1964
2090	23	262	1994	-4	-560	498	1	336878	432748	1973
2100	23	261	2004	-5	-563	502	0	336874	432747	1982
2110	23	261	2013	-5	-567	505	0	336870	432747	1991
2120	24	261	2022	-6	-571	508	0	336866	432746	2000
2130	24	261	2031	-7	-575	511	0	336862	432745	2010
2140	25	261	2040	-7	-579	515	0	336858	432745	2019
2150	25	261	2049	-8	-584	518	0	336854	432744	2028
2160	25	261	2058	-9	-588	522	1	336850	432743	2037
2170	26	261	2067	-9	-592	525	1	336846	432743	2046
2180	26	261	2076	-10	-596	529	0	336841	432742	2055
2190	27	260	2085	-11	-601	532	1	336837	432741	2064
2200	28	259	2094	-12	-605	536	1	336833	432741	2073
2210	29	257	2103	-13	-610	540	2	336828	432740	2081
2220	31	255	2112	-14	-615	544	2	336823	432738	2090
2230	32	253	2120	-15	-620	547	1	336818	432737	2099
2240	33	253	2129	-17	-625	551	1	336813	432735	2107
2250	35	253	2137	-18	-630	555	2	336808	432734	2115
2260	37	253	2145	-20	-636	560	2	336802	432732	2123
2270	38	254	2153	-22	-642	564	1	336796	432730	2131
2280	40	254	2161	-24	-648	569	2	336790	432729	2139
2290	41	255	2168	-25	-654	573	1	336784	432727	2147
2300	42	256	2176	-27	-660	578	1	336778	432725	2154
2310	43	256	2183	-29	-667	583	1	336771	432724	2162
2320	44	257	2191	-30	-673	589	1	336764	432722	2169
2330	45	258	2198	-32	-680	594	1	336758	432721	2176
2340	47	258	2205	-33	-687	600	2	336751	432719	2183
2350	48	258	2212	-35	-694	606	1	336743	432718	2190
2360	49	259	2218	-36	-702	611	1	336736	432716	2197
2370	50	259	2225	-37	-709	618	1	336728	432715	2203
2380	52	260	2231	-39	-717	624	1	336721	432713	2209
2390	52	261	2237	-40	-725	630	1	336713	432712	2215
2400	53	262	2243	-41	-733	637	1	336705	432711	2222
2410	54	263	2249	-42	-741	643	1	336697	432710	2227
2420	55	264	2255	-43	-749	650	1	336689	432709	2233
2430	57	264	2260	-44	-757	657	2	336681	432708	2239
2440	58	264	2266	-45	-765	664	1	336672	432707	2244
2450	58	264	2271	-46	-774	671	0	336664	432706	2249
2460	58	264	2276	-47	-782	678	0	336656	432705	2255
2470	58	264	2282	-48	-791	686	0	336647	432704	2260
2480	58	263	2287	-49	-799	693	0	336639	432703	2265
2490	58	262	2292	-50	-807	700	1	336630	432702	2271
2500	59	262	2297	-51	-816	707	1	336622	432701	2276
2510	61	261	2302	-52	-825	714	2	336613	432700	2281
2520	63	261	2307	-54	-833	721	2	336605	432698	2285
2530	65	260	2311	-55	-842	728	2	336596	432697	2290
2540	67	260	2315	-57	-851	736	2	336587	432695	2294
2550	68	260	2319	-59	-860	743	1	336578	432694	2298
2560	69	260	2323	-60	-869	750	1	336568	432692	2301
2570	71	260	2326	-62	-879	758	2	336559	432690	2305
2580	74	261	2329	-64	-888	766	3	336550	432689	2308
2590	76	261	2332	-65	-898	773	2	336540	432687	2310
2600	79	261	2334	-67	-907	781	2	336531	432685	2313
2610	80	260	2336	-68	-917	789	2	336521	432684	2314
2620	81	260	2338	-70	-927	797	0	336511	432682	2316
2630	82	261	2339	-72	-936	805	1	336501	432681	2318
2640	83	261	2341	-73	-946	813	1	336492	432679	2319
2650	83	261	2342	-75	-956	821	1	336482	432677	2320
2660	85	263	2343	-76	-966	830	2	336472	432676	2321
2670	87	263	2344	-77	-976	838	2	336462	432675	2322
2680	88	264	2344	-78	-986	846	1	336452	432674	2322
2690	88	264	2344	-79	-996	855	0	336442	432673	2323
2700	89	264	2344	-80	-1005	863	1	336432	432672	2323
2710	90	264	2345	-82	-1015	872	0	336422	432671	2323
2720	91	264	2345	-83	-1025	880	1	336412	432670	2323
2730	92	264	2344	-84	-1035	888	1	336402	432669	2323
2740	92	263	2344	-85	-1045	897	1	336393	432668	2322
2750	93	263	2344	-86	-1055	905	1	336383	432666	2322
2760	94	263	2343	-87	-1065	913	1	336373	432665	2321
2770	94	262	2342	-88	-1075	922	1	336363	432664	2321
2780	95	261	2341	-90	-1085	930	1	336353	432662	2320
2790	95	261	2341	-91	-1095	938	0	336343	432661	2319
2800	95	260	2340	-93	-1104	946	1	336333	432659	2318
2810	95	260	2339	-95	-1114	954	0	336323	432657	2317
2820	96	260	2338	-97	-1124	962	0	336314	432656	2316
2830	96	259	2337	-98	-1134	970	1	336304	432654	2315
2840	96	258	2336	-100	-1144	978	1	336294	432652	2314
2850	95	258	2335	-102	-1153	986	1	336284	432650	2313
2860	94	258	2334	-104	-1163	993	1	336275	432648	2313
2870	94	258	2333	-106	-1173	1001	0	336265	432646	2312
2880	94	258	2333	-109	-1183	1009	0	336255	432644	2311
2890	94	258	2332	-111	-1192	1017	0	336245	432641	2310
2900	94	258	2331	-113	-1202	1024	0	336236	432639	2310
2910	95	258	2330	-115	-1212	1032	1	336226	432637	2309
2920	94	259	2330	-117	-1222	1040	1	336216	432635	2308
2930	94	259	2329	-119	-1231	1048	0	336206	432633	2307
2940	95	259	2328	-121	-1241	1056	0	336197	432631	2306
2950	95	259	2327	-123	-1251	1064	0	336187	432629	2306
2960	95	259	2326	-125	-1261	1071	1	336177	432627	2305
2970	96	258	2325	-127	-1270	1079	1	336167	432625	2304
2980	97	259	2324	-129	-1280	1087	1	336158	432623	2303
2990	96	259	2323	-131	-1290	1095	1	336148	432621	2302
3000	96	259	2322	-133	-1300	1103	0	336138	432620	2301
3010	95	259	2321	-135	-1309	1111	1	336128	432618	2300
3020	95	259	2320	-137	-1319	1119	1	336119	432616	2299
3030	96	260	2319	-138	-1329	1127	1	336109	432614	2298
3040	95	259	2318	-140	-1339	1134	1	336099	432612	2297
3050	94	259	2318	-142	-1349	1142	1	336089	432610	2296
3060	94	259	2317	-144	-1358	1150	0	336079	432608	2295
3070	94	259	2316	-146	-1368	1158	1	336070	432606	2295
3080	94	259	2315	-148	-1378	1166	1	336060	432604	2294
3090	94	259	2315	-150	-1388	1174	0	336050	432603	2293
3100	94	259	2314	-152	-1398	1182	0	336040	432601	2292
3110	94	258	2313	-154	-1407	1190	1	336030	432599	2292
3120	94	258	2313	-156	-1417	1198	0	336021	432597	2291
3130	94	258	2312	-158	-1427	1205	0	336011	432594	2290
3140	96	258	2311	-160	-1437	1213	1	336001	432592	2289
3150	96	258	2310	-162	-1446	1221	1	335991	432590	2288
3160	97	259	2309	-164	-1456	1229	0	335982	432588	2287
3170	96	259	2308	-166	-1466	1237	1	335972	432586	2286
3180	96	260	2307	-168	-1476	1244	1	335962	432585	2285
3190	96	260	2306	-169	-1485	1252	1	335952	432583	2284
3200	97	261	2304	-171	-1495	1260	1	335943	432581	2283
3210	97	261	2303	-172	-1505	1269	1	335933	432580	2282
3220	98	261	2302	-174	-1515	1277	1	335923	432578	2280
3230	99	262	2300	-175	-1525	1285	1	335913	432577	2279
3240	99	262	2299	-177	-1534	1293	0	335903	432575	2277
3250	100	262	2297	-178	-1544	1301	1	335894	432574	2276
3260	101	262	2295	-180	-1554	1309	1	335884	432573	2274
3270	100	262	2293	-181	-1564	1317	1	335874	432571	2272
3280	100	262	2292	-182	-1573	1325	1	335865	432570	2270
3290	99	261	2290	-184	-1583	1333	1	335855	432568	2268
3300	99	261	2288	-185	-1593	1341	1	335845	432567	2267
3310	98	260	2287	-187	-1603	1349	1	335835	432565	2265
3320	98	260	2285	-189	-1612	1357	1	335826	432564	2264
3330	97	260	2284	-190	-1622	1365	1	335816	432562	2262
3340	97	260	2283	-192	-1632	1373	0	335806	432560	2261
3350	96	261	2282	-193	-1642	1381	1	335796	432559	2260
