MD	Inc	Az	TVD	N_Offset	E_Offset	VS	DLS	Easting	Northing	TVD_MSL	e	n
0	0	0	0	0	0	0	0	337438	432752	-22	337438	432752
64	1	235	64	-0	-0	0	0	337437	432752	42	337437	432752
72	1	241	72	-0	-0	0	0	337437	432752	50	337437	432752
84	1	228	84	-0	-1	1	0	337437	432752	63	337437	432752
98	0	223	98	-1	-1	1	1	337437	432752	77	337437	432752
111	0	240	111	-1	-1	1	1	337437	432752	89	337437	432752
123	1	27	123	-1	-1	1	2	337437	432752	102	337437	432752
128	1	29	128	-0	-1	1	1	337437	432752	107	337437	432752
142	1	36	142	-0	-1	1	0	337437	432752	120	337437	432752
155	1	38	155	-0	-1	0	0	337437	432752	134	337437	432752
169	1	34	169	0	-0	0	1	337437	432752	147	337437	432752
181	1	33	181	0	-0	0	0	337438	432752	160	337438	432752
196	1	36	196	1	-0	0	0	337438	432753	174	337438	432753
208	2	37	208	1	0	-0	0	337438	432753	187	337438	432753
222	2	30	222	1	0	-0	1	337438	432753	201	337438	432753
236	2	23	236	2	1	-0	1	337438	432754	215	337438	432754
243	2	20	243	2	1	-0	1	337438	432754	221	337438	432754
271	3	27	271	3	1	-1	0	337439	432755	249	337439	432755
285	3	23	285	4	1	-1	0	337439	432756	264	337439	432756
299	3	20	299	4	2	-1	0	337439	432756	277	337439	432756
312	3	12	312	5	2	-1	1	337440	432757	291	337440	432757
326	3	4	326	5	2	-1	1	337440	432758	304	337440	432758
339	4	356	339	6	2	-1	2	337440	432758	318	337440	432758
353	5	349	353	7	2	-0	2	337440	432759	331	337440	432759
366	5	343	366	8	2	0	2	337439	432761	345	337439	432761
380	6	337	380	10	1	1	2	337439	432762	358	337439	432762
394	6	331	393	11	0	2	2	337438	432763	372	337438	432763
407	7	324	407	12	-0	3	2	337437	432764	385	337437	432764
421	7	318	420	14	-1	4	2	337436	432766	399	337436	432766
434	8	312	434	15	-3	5	2	337435	432767	412	337435	432767
448	8	308	447	16	-4	7	2	337434	432768	425	337434	432768
461	9	309	460	17	-6	9	1	337432	432769	439	337432	432769
475	9	309	474	19	-7	11	1	337431	432771	452	337431	432771
488	10	309	487	20	-9	13	2	337429	432772	465	337429	432772
502	11	309	500	22	-11	15	2	337427	432774	479	337427	432774
516	12	309	514	23	-13	17	2	337425	432775	492	337425	432775
529	13	307	527	25	-15	20	2	337423	432777	505	337423	432777
543	13	306	540	27	-18	22	2	337420	432779	519	337420	432779
556	14	305	554	29	-20	25	2	337417	432781	532	337417	432781
570	15	306	567	31	-23	29	2	337415	432783	545	337415	432783
584	16	305	580	33	-26	32	2	337412	432785	558	337412	432785
597	17	304	593	35	-29	35	2	337408	432787	571	337408	432787
610	18	303	606	37	-33	39	3	337405	432789	584	337405	432789
624	19	302	618	39	-36	43	2	337401	432792	597	337401	432792
638	20	301	631	42	-40	47	2	337398	432794	610	337398	432794
651	21	299	644	44	-44	52	2	337394	432796	622	337394	432796
665	21	297	657	46	-49	57	2	337389	432799	635	337389	432799
678	22	297	669	49	-53	61	1	337385	432801	647	337385	432801
691	22	297	681	51	-57	66	0	337381	432803	659	337381	432803
705	22	298	694	53	-62	71	0	337376	432805	672	337376	432805
719	22	298	707	56	-66	76	0	337371	432808	685	337371	432808
732	22	298	719	58	-71	81	0	337367	432810	698	337367	432810
746	22	298	732	60	-75	86	0	337362	432813	710	337362	432813
760	22	298	745	63	-80	90	0	337358	432815	723	337358	432815
773	22	299	757	65	-84	95	0	337354	432817	735	337354	432817
786	23	299	769	68	-89	100	0	337349	432820	748	337349	432820
800	23	299	782	70	-93	105	0	337344	432822	760	337344	432822
814	23	299	794	73	-98	110	0	337340	432825	773	337340	432825
827	22	299	807	75	-102	115	1	337335	432827	785	337335	432827
840	22	299	819	78	-107	120	2	337331	432830	798	337331	432830
854	21	299	832	80	-111	125	1	337327	432832	810	337327	432832
868	21	299	845	83	-116	129	0	337322	432835	823	337322	432835
881	21	299	857	85	-120	134	1	337318	432837	836	337318	432837
895	21	300	870	87	-124	138	0	337314	432839	848	337314	432839
908	20	299	883	89	-128	143	2	337310	432842	861	337310	432842
922	20	300	895	92	-132	147	1	337306	432844	874	337306	432844
935	19	301	908	94	-136	151	1	337302	432846	887	337302	432846
949	19	301	921	96	-140	155	1	337298	432848	899	337298	432848
962	19	301	934	99	-143	160	1	337294	432851	912	337294	432851
976	19	302	947	101	-147	164	1	337291	432853	925	337291	432853
989	19	303	959	103	-151	168	0	337287	432855	938	337287	432855
1003	19	303	972	106	-154	172	0	337283	432858	951	337283	432858
1016	19	304	985	108	-158	176	0	337280	432860	963	337280	432860
1030	19	304	998	110	-162	180	0	337276	432863	977	337276	432863
1044	19	304	1011	113	-165	184	1	337273	432865	989	337273	432865
1058	20	302	1024	115	-169	188	2	337269	432867	1002	337269	432867
1071	20	302	1037	118	-173	192	0	337265	432870	1015	337265	432870
1085	20	302	1049	120	-177	197	1	337261	432872	1028	337261	432872
1100	20	302	1063	123	-181	202	0	337256	432875	1042	337256	432875
1113	20	303	1076	125	-185	206	1	337253	432878	1054	337253	432878
1127	19	303	1089	128	-189	210	2	337249	432880	1067	337249	432880
1138	19	303	1099	130	-192	214	1	337246	432882	1077	337246	432882
1154	18	303	1114	133	-197	218	1	337241	432885	1093	337241	432885
1167	19	303	1127	135	-200	222	1	337238	432887	1106	337238	432887
1181	19	303	1140	137	-204	226	0	337234	432890	1118	337234	432890
1194	19	303	1153	140	-208	230	0	337230	432892	1131	337230	432892
1208	19	304	1166	142	-211	235	0	337227	432894	1144	337227	432894
1222	19	304	1178	145	-215	239	0	337223	432897	1157	337223	432897
1235	19	304	1191	147	-218	243	0	337219	432899	1170	337219	432899
1248	19	305	1204	150	-222	246	1	337216	432902	1182	337216	432902
1280	19	307	1234	156	-230	256	1	337207	432908	1212	337207	432908
1294	20	300	1247	158	-234	260	5	337204	432910	1225	337204	432910
1307	21	294	1259	160	-238	265	5	337200	432912	1238	337200	432912
1321	21	292	1272	162	-243	269	2	337195	432914	1250	337195	432914
1334	22	289	1285	164	-247	274	4	337190	432916	1263	337190	432916
1348	23	285	1297	165	-252	279	4	337185	432917	1276	337185	432917
1361	24	281	1309	167	-258	285	4	337180	432919	1288	337180	432919
1375	26	279	1322	168	-263	291	4	337174	432920	1300	337174	432920
1388	27	277	1334	168	-269	296	3	337169	432921	1312	337169	432921
1402	28	274	1346	169	-275	303	5	337162	432921	1324	337162	432921
1420	29	269	1362	169	-284	311	4	337154	432921	1340	337154	432921
1433	30	269	1373	169	-291	318	1	337147	432921	1352	337147	432921
1447	30	269	1385	169	-297	324	1	337140	432921	1363	337140	432921
1460	30	270	1397	169	-304	331	1	337134	432921	1375	337134	432921
1474	31	268	1408	169	-311	338	2	337127	432921	1387	337127	432921
1487	31	267	1420	169	-318	344	2	337120	432921	1398	337120	432921
1501	31	265	1432	168	-325	351	2	337113	432920	1410	337113	432920
1514	31	267	1443	168	-332	358	2	337106	432920	1422	337106	432920
1528	31	267	1455	167	-339	365	1	337099	432919	1433	337099	432919
1541	32	266	1466	167	-346	371	1	337092	432919	1445	337092	432919
1555	32	266	1478	166	-353	378	0	337085	432919	1456	337085	432919
1569	32	267	1489	166	-360	385	1	337078	432918	1468	337078	432918
1582	32	266	1501	166	-367	392	1	337070	432918	1479	337070	432918
1596	32	266	1512	165	-374	399	1	337063	432917	1491	337063	432917
1609	32	267	1524	165	-382	406	1	337056	432917	1502	337056	432917
1623	33	267	1535	164	-389	413	1	337049	432916	1514	337049	432916
1636	33	268	1547	164	-396	420	1	337042	432916	1525	337042	432916
1650	33	268	1558	164	-403	427	0	337035	432916	1536	337035	432916
1662	33	268	1568	163	-410	433	0	337028	432916	1546	337028	432916
1677	33	268	1581	163	-418	441	1	337020	432915	1559	337020	432915
1690	33	268	1592	163	-425	449	1	337012	432915	1570	337012	432915
1704	33	268	1603	162	-433	456	1	337005	432915	1582	337005	432915
1717	33	268	1615	162	-440	463	0	336998	432914	1593	336998	432914
1731	33	268	1626	162	-448	470	0	336990	432914	1604	336990	432914
1745	33	269	1637	162	-455	478	1	336983	432914	1616	336983	432914
1758	33	268	1649	162	-463	485	1	336975	432914	1627	336975	432914
1807	37	267	1689	160	-491	513	2	336947	432913	1667	336947	432913
1821	38	264	1699	160	-499	520	5	336939	432912	1678	336939	432912
1834	37	260	1710	159	-507	528	5	336931	432911	1689	336931	432911
1848	37	258	1721	157	-515	536	3	336922	432909	1700	336922	432909
1861	37	259	1732	155	-523	543	1	336915	432908	1710	336915	432908
1875	38	259	1743	154	-531	551	1	336907	432906	1721	336907	432906
1889	38	260	1753	152	-540	559	2	336898	432904	1732	336898	432904
1902	39	259	1764	151	-548	566	1	336890	432903	1742	336890	432903
1915	40	259	1774	149	-556	574	2	336882	432901	1753	336882	432901
1929	41	260	1785	148	-565	583	3	336873	432900	1763	336873	432900
1942	40	260	1795	146	-573	591	1	336864	432898	1773	336864	432898
1953	41	260	1803	145	-580	597	1	336858	432897	1781	336858	432897
1965	40	260	1812	144	-588	605	1	336850	432896	1791	336850	432896
1979	40	261	1823	142	-597	613	1	336841	432894	1801	336841	432894
1992	40	260	1833	141	-605	621	0	336832	432893	1811	336832	432893
2006	40	260	1843	139	-614	629	0	336824	432891	1822	336824	432891
2019	41	260	1854	138	-623	637	1	336815	432890	1832	336815	432890
2033	41	261	1864	136	-631	646	0	336807	432888	1842	336807	432888
2046	40	260	1874	135	-640	654	1	336798	432887	1853	336798	432887
2060	40	260	1885	133	-649	662	1	336789	432885	1863	336789	432885
2074	41	259	1895	132	-657	670	1	336781	432884	1873	336781	432884
2081	40	259	1901	131	-662	675	2	336776	432883	1879	336776	432883
2087	40	259	1905	130	-666	678	2	336772	432882	1884	336772	432882
2101	40	259	1915	128	-674	686	1	336763	432880	1894	336763	432880
2114	41	260	1926	127	-683	695	1	336755	432879	1904	336755	432879
2128	41	260	1936	125	-692	703	1	336746	432877	1914	336746	432877
2141	41	262	1946	124	-700	711	2	336737	432876	1925	336737	432876
2155	41	262	1957	123	-709	720	1	336729	432875	1935	336729	432875
2168	40	261	1967	121	-718	728	1	336720	432873	1945	336720	432873
2182	40	262	1977	120	-726	736	1	336711	432872	1956	336711	432872
2196	39	261	1988	119	-735	744	2	336703	432871	1966	336703	432871
2209	38	261	1998	117	-743	752	2	336695	432870	1976	336695	432870
2222	39	261	2009	116	-752	760	1	336686	432868	1987	336686	432868
2236	42	264	2019	115	-760	768	7	336678	432867	1997	336678	432867
2250	45	267	2029	114	-770	777	9	336668	432866	2007	336668	432866
2262	47	271	2038	114	-779	786	8	336659	432866	2016	336659	432866
2276	50	272	2047	114	-789	797	7	336648	432867	2026	336648	432867
2290	54	271	2055	115	-800	807	9	336638	432867	2034	336638	432867
2305	58	269	2064	115	-813	819	9	336625	432867	2042	336625	432867
2318	62	268	2070	114	-824	831	7	336613	432867	2049	336613	432867
2332	64	267	2077	114	-837	843	6	336601	432866	2055	336601	432866
2346	67	268	2082	113	-849	855	6	336589	432866	2061	336589	432866
2359	70	268	2087	113	-862	867	6	336576	432865	2066	336576	432865
2373	72	268	2092	113	-874	880	6	336564	432865	2070	336564	432865
2386	75	268	2095	112	-887	892	7	336551	432864	2074	336551	432864
2394	77	268	2097	112	-895	899	8	336543	432864	2076	336543	432864
2431	83	268	2104	110	-931	935	4	336507	432862	2082	336507	432862
2445	83	267	2105	110	-945	948	1	336493	432862	2084	336493	432862
2459	83	267	2107	109	-958	961	1	336479	432861	2085	336479	432861
2472	83	267	2109	108	-971	974	1	336466	432860	2087	336466	432860
2486	84	267	2110	107	-985	988	1	336453	432860	2089	336453	432860
2499	84	267	2111	107	-998	1000	1	336440	432859	2090	336440	432859
2512	85	266	2113	106	-1011	1013	2	336426	432858	2091	336426	432858
2526	86	266	2114	105	-1025	1027	3	336412	432857	2092	336412	432857
2539	88	265	2115	104	-1038	1039	4	336399	432856	2093	336399	432856
2553	88	264	2115	103	-1052	1052	3	336386	432855	2093	336386	432855
2566	88	262	2116	101	-1065	1065	3	336372	432853	2094	336372	432853
2580	89	261	2116	99	-1079	1078	4	336359	432851	2094	336359	432851
2594	90	260	2116	97	-1092	1091	2	336346	432849	2095	336346	432849
2607	89	259	2116	94	-1106	1103	2	336332	432847	2095	336332	432847
2621	89	259	2116	92	-1119	1116	2	336319	432844	2095	336319	432844
2634	90	258	2117	89	-1132	1128	3	336306	432841	2095	336306	432841
2648	91	258	2117	86	-1145	1141	2	336292	432838	2095	336292	432838
2666	91	257	2116	82	-1163	1157	1	336275	432834	2095	336275	432834
2680	91	257	2116	79	-1177	1170	2	336261	432831	2094	336261	432831
2693	91	257	2116	76	-1189	1182	2	336248	432828	2094	336248	432828
2707	92	257	2115	73	-1203	1195	2	336235	432825	2094	336235	432825
2720	93	257	2115	70	-1216	1207	2	336222	432822	2093	336222	432822
2734	92	257	2114	67	-1229	1219	2	336209	432819	2092	336209	432819
2747	91	257	2114	64	-1242	1232	3	336195	432816	2092	336195	432816
2761	92	257	2113	61	-1256	1244	1	336182	432813	2092	336182	432813
2771	91	258	2113	59	-1265	1253	2	336172	432811	2091	336172	432811
2784	91	258	2113	56	-1279	1266	1	336159	432808	2091	336159	432808
2798	91	257	2112	53	-1292	1278	1	336146	432805	2091	336146	432805
2812	91	258	2112	50	-1305	1291	1	336133	432802	2090	336133	432802
2825	92	258	2112	47	-1318	1303	1	336119	432800	2090	336119	432800
2838	92	258	2111	45	-1331	1315	0	336106	432797	2090	336106	432797
2852	93	259	2111	42	-1345	1328	3	336093	432794	2089	336093	432794
2866	94	259	2110	39	-1358	1340	3	336080	432791	2088	336080	432791
2879	94	259	2109	37	-1371	1353	0	336067	432789	2087	336067	432789
2892	93	258	2108	34	-1384	1365	5	336053	432786	2086	336053	432786
2906	94	258	2107	31	-1398	1378	3	336040	432783	2086	336040	432783
2920	94	258	2106	28	-1411	1390	0	336027	432780	2085	336027	432780
2933	94	257	2106	25	-1424	1402	1	336014	432778	2084	336014	432778
2947	91	256	2105	22	-1437	1415	7	336001	432774	2083	336001	432774
2960	90	255	2105	19	-1450	1427	2	335988	432771	2083	335988	432771
2974	88	254	2105	15	-1463	1439	6	335975	432767	2084	335975	432767
2987	88	254	2106	11	-1476	1451	1	335962	432764	2084	335962	432764
3001	89	254	2106	8	-1489	1463	2	335949	432760	2084	335949	432760
3014	89	254	2106	4	-1502	1475	1	335936	432756	2085	335936	432756
3030	89	254	2106	-0	-1517	1489	0	335921	432752	2085	335921	432752
3043	91	254	2106	-4	-1530	1501	4	335908	432748	2085	335908	432748
3057	92	254	2106	-8	-1544	1513	1	335894	432744	2084	335894	432744
3068	92	254	2106	-11	-1554	1523	1	335884	432741	2084	335884	432741
3081	92	255	2105	-14	-1567	1535	1	335871	432738	2084	335871	432738
3095	93	255	2105	-18	-1580	1547	1	335858	432734	2083	335858	432734
3109	93	256	2104	-21	-1593	1559	1	335845	432731	2082	335845	432731
3122	93	256	2103	-25	-1606	1572	0	335831	432728	2082	335831	432728
3136	94	256	2103	-28	-1619	1584	2	335818	432724	2081	335818	432724
3163	94	257	2101	-34	-1646	1609	1	335792	432718	2079	335792	432718
